100 0.000028 0.000017
1000 0.000036 0.000019
2000 0.000032 0.000030
4000 0.000034 0.000024
8000 0.000077 0.000047
10000 0.000494 0.000081
15000 0.000460 0.000090
20000 0.000541 0.000114
25000 0.000685 0.000179
30000 0.000610 0.000167
40000 0.000621 0.000207
50000 0.000830 0.000255
60000 0.000927 0.000496
70000 0.000861 0.000320
80000 0.000780 0.000358
90000 0.000892 0.000382
100000 0.001210 0.000580
110000 0.001134 0.000707
120000 0.001131 0.000590
130000 0.001441 0.000877
140000 0.001165 0.000690
150000 0.001197 0.000842
160000 0.001338 0.000949
170000 0.001389 0.001190
180000 0.001298 0.000903
190000 0.001662 0.001062
200000 0.001560 0.001096
250000 0.002096 0.001550
300000 0.001997 0.001630
350000 0.003164 0.002276
400000 0.002834 0.001696
450000 0.002996 0.001939
500000 0.002980 0.002133
550000 0.003291 0.002063
